
public class init {

	double[][] list = new double[9][9];
	
	public init() {
		list[0][0] = 0;
		list[0][1] = 0.183;
		list[0][2] = 0.3;
		list[0][3] = 0.307;
		list[0][4] = 0.312;
		list[0][5] = 0.347;
		list[0][6] = 0.403;
		list[0][7] = 0.360;
		list[0][8] = 0.360;
		
		list[1][0] = 0.183;
		list[1][1] = 0;
		list[1][2] = 0.333;
		list[1][3] = 0.354;
		list[1][4] = 0.319;
		list[1][5] = 0.395;
		list[1][6] = 0.418;
		list[1][7] = 0.367;
		list[1][8] = 0.395;

		list[2][0] = 0.300;
		list[2][1] = 0.333;
		list[2][2] = 0;
		list[2][3] = 0.080;
		list[2][4] = 0.149;
		list[2][5] = 0.200;
		list[2][6] = 0.248;
		list[2][7] = 0.160;
		list[2][8] = 0.240;
		
		list[3][0] = 0.307;
		list[3][1] = 0.354;
		list[3][2] = 0.080;
		list[3][3] = 0;
		list[3][4] = 0.142;
		list[3][5] = 0.173;
		list[3][6] = 0.221;
		list[3][7] = 0.133;
		list[3][8] = 0.240;
		
		list[4][0] = 0.312;
		list[4][1] = 0.319;
		list[4][2] = 0.149;
		list[4][3] = 0.142;
		list[4][4] = 0;
		list[4][5] = 0.213;
		list[4][6] = 0.229;
		list[4][7] = 0.163;
		list[4][8] = 0.241;
		
		list[5][0] = 0.347;
		list[5][1] = 0.395;
		list[5][2] = 0.200;
		list[5][3] = 0.173;
		list[5][4] = 0.213;
		list[5][5] = 0;
		list[5][6] = 0.208;
		list[5][7] = 0.193;
		list[5][8] = 0.227;
		
		list[6][0] = 0.403;
		list[6][1] = 0.418;
		list[6][2] = 0.248;
		list[6][3] = 0.221;
		list[6][4] = 0.229;
		list[6][5] = 0.208;
		list[6][6] = 0;
		list[6][7] = 0.221;
		list[6][8] = 0.268;
		
		list[7][0] = 0.360;
		list[7][1] = 0.367;
		list[7][2] = 0.160;
		list[7][3] = 0.133;
		list[7][4] = 0.163;
		list[7][5] = 0.193;
		list[7][6] = 0.221;
		list[7][7] = 0;
		list[7][8] = 0.247;
		
		list[8][0] = 0.360;
		list[8][1] = 0.395;
		list[8][2] = 0.240;
		list[8][3] = 0.240;
		list[8][4] = 0.241;
		list[8][5] = 0.227;
		list[8][6] = 0.268;
		list[8][7] = 0.247;
		list[8][8] = 0;
	}
	
}
